sequence rennen offset 45

framebegin
l:1 -4.347,-18.53,5 100
l:2 -4.347,0,5 100
l:3 -4.347,-9.265,5 100
l:4 -4.347,18.53,5 100
l:5 -4.347,0,5 100
l:6 -4.347,9.265,5 100
frameend

framebegin
l:1 -4.347,-13.8975,5 100
l:2 -4.347,-4.6325,3 100
l:3 -4.347,-4.6325,5 100
l:4 -4.347,13.8975,3 100
l:5 -4.347,4.6325,5 100
l:6 -4.347,4.6325,3 100
frameend

framebegin
l:1 -4.347,-9.625,5 100
l:2 -4.347,-9.625,3 100
l:3 -4.347,0,5 100
l:4 -4.375,9.625,3 100
l:5 -4.347,9.625,5 100
l:6 -4.347,0,3 100
frameend

framebegin
l:1 -4.347,-4.6325,5 100
l:2 -4.347,-13.8975,3 100
l:3 -4.347,4.6325,5 100
l:4 -4.347,4.6325,3 100
l:5 -4.347,13.8975,5 100
l:6 -4.347,-4.6325,3 100
frameend

framebegin
l:1 -4.347,0,5 100
l:2 -4.347,-18.53,5 100
l:3 -4.347,9.265,5 100
l:4 -4.347,0,5 100
l:5 -4.347,18.53,5 100
l:6 -4.347,-9.265,5 100
frameend

framebegin
l:1 -4.347,-4.6325,3 100
l:2 -4.347,-13.8975,5 100
l:3 -4.347,4.6325,3 100
l:4 -4.347,4.6325,5 100
l:5 -4.347,13.8975,3 100
l:6 -4.347,-4.6325,5 100
frameend

framebegin
l:1 -4.347,-9.265,3 100
l:2 -4.347,-9.265,5 100
l:3 -4.347,0,3 100
l:4 -4.347,9.265,5 100
l:5 -4.347,9.265,3 100
l:6 -4.347,0,5 100
frameend

framebegin
l:1 -4.347,-13.8975,3 100
l:2 -4.347,-4.6325,5 100
l:3 -4.347,-4.3625,3 100
l:4 -4.347,13.8975,5 100
l:5 -4.347,4.6325,3 100
l:6 -4.347,4.6325,5 100
frameend
sequence rennen offset 45

framebegin
l:1 -4.347,-18.53,5 100
l:2 -4.347,0,5 100
l:3 -4.347,-9.265,5 100
l:4 -4.347,18.53,5 100
l:5 -4.347,0,5 100
l:6 -4.347,9.265,5 100
frameend

framebegin
l:1 -4.347,-13.8975,5 100
l:2 -4.347,-4.6325,3 100
l:3 -4.347,-4.6325,5 100
l:4 -4.347,13.8975,3 100
l:5 -4.347,4.6325,5 100
l:6 -4.347,4.6325,3 100
frameend

framebegin
l:1 -4.347,-9.625,5 100
l:2 -4.347,-9.625,3 100
l:3 -4.347,0,5 100
l:4 -4.375,9.625,3 100
l:5 -4.347,9.625,5 100
l:6 -4.347,0,3 100
frameend

framebegin
l:1 -4.347,-4.6325,5 100
l:2 -4.347,-13.8975,3 100
l:3 -4.347,4.6325,5 100
l:4 -4.347,4.6325,3 100
l:5 -4.347,13.8975,5 100
l:6 -4.347,-4.6325,3 100
frameend

framebegin
l:1 -4.347,0,5 100
l:2 -4.347,-18.53,5 100
l:3 -4.347,9.265,5 100
l:4 -4.347,0,5 100
l:5 -4.347,18.53,5 100
l:6 -4.347,-9.265,5 100
frameend

framebegin
l:1 -4.347,-4.6325,3 100
l:2 -4.347,-13.8975,5 100
l:3 -4.347,4.6325,3 100
l:4 -4.347,4.6325,5 100
l:5 -4.347,13.8975,3 100
l:6 -4.347,-4.6325,5 100
frameend

framebegin
l:1 -4.347,-9.265,3 100
l:2 -4.347,-9.265,5 100
l:3 -4.347,0,3 100
l:4 -4.347,9.265,5 100
l:5 -4.347,9.265,3 100
l:6 -4.347,0,5 100
frameend

framebegin
l:1 -4.347,-13.8975,3 100
l:2 -4.347,-4.6325,5 100
l:3 -4.347,-4.3625,3 100
l:4 -4.347,13.8975,5 100
l:5 -4.347,4.6325,3 100
l:6 -4.347,4.6325,5 100
frameend
